Iteration	CPUTime	PhysTime	Travels	Value	AvValue	MinValue	MaxValue	Delta	Criteria	PrevAvRefValue	Progress	CriteriaType	CriteriaVarType	CriteriaPercentage
1	1	0	0.0188331168	303.269025	303.269025	303.269025	303.269025	0	0	0	0	0	0	3
2	1	0	0.0376662336	303.439689	303.354357	303.269025	303.439689	0.0853322639	0	0	0	0	0	3
3	1	0	0.0564993504	303.553984	303.420899	303.269025	303.553984	0.151874462	0	0	0	0	0	3
4	1	0	0.0753324672	303.666166	303.482216	303.269025	303.666166	0.213191201	0	0	0	0	0	3
5	2	0	0.094165584	303.807436	303.54726	303.269025	303.807436	0.27823523	0	0	0	0	0	3
6	2	0	0.112998701	303.996705	303.622168	303.269025	303.996705	0.353142808	0	0	0	0	0	3
7	2	0	0.131831818	304.252869	303.712268	303.269025	304.252869	0.443243079	0	0	0	0	0	3
8	2	0	0.150664934	304.601618	303.823437	303.269025	304.601618	0.554411806	0	0	0	0	0	3
9	2	0	0.169498051	305.06075	303.960916	303.269025	305.06075	0.691891053	0	0	0	0	0	3
10	3	0	0.188331168	305.626318	304.127456	303.269025	305.626318	0.85843123	0	0	0	0	0	3
11	3	0	0.207164285	308.026749	304.481937	303.269025	308.026749	1.21291243	0	0	0	0	0	3
12	3	0	0.225997402	308.953158	304.854539	303.269025	308.953158	1.5855142	0	0	0	0	0	3
13	4	0	0.244830518	309.212728	305.189784	303.269025	309.212728	1.92075948	0	0	0	0	0	3
14	4	0	0.263663635	309.344396	305.486542	303.269025	309.344396	2.21751747	0	0	0	0	0	3
15	4	0	0.282496752	309.443779	305.750358	303.269025	309.443779	2.48133327	0	0	0	0	0	3
16	4	0	0.301329869	309.558579	305.988372	303.269025	309.558579	2.71934708	0	0	0	0	0	3
17	4	0	0.320162986	309.647723	306.203628	303.269025	309.647723	2.93460305	0	0	0	0	0	3
18	5	0	0.338996102	309.72259	306.399126	303.269025	309.72259	3.13010096	0	0	0	0	0	3
19	5	0	0.357829219	309.788698	306.577524	303.269025	309.788698	3.30849949	0	0	0	0	0	3
20	5	0	0.376662336	309.847712	306.741034	303.269025	309.847712	3.47200888	0	0	0	0	0	3
21	5	0	0.395495453	309.930385	306.892908	303.269025	309.930385	3.62388276	0	0	0	0	0	3
22	6	0	0.41432857	310.008284	307.034516	303.269025	310.008284	3.76549077	0	0	0	0	0	3
23	6	0	0.433161686	310.078648	307.166869	303.269025	310.078648	3.89784434	0	0	0	0	0	3
24	6	0	0.451994803	310.141248	307.290802	303.269025	310.141248	4.02177681	0	0	0	0	0	3
25	6	0	0.47082792	310.202006	307.40725	303.269025	310.202006	4.13822497	0	0	0	0	0	3
26	7	0	0.489661037	310.282072	307.51782	303.269025	310.282072	4.24879507	0	0	0	0	0	3
27	7	0	0.508494154	310.357346	307.622987	303.269025	310.357346	4.35396271	0	0	0	0	0	3
28	7	0	0.52732727	310.432914	307.888317	303.439689	310.432914	4.53395967	0	0	0	0	0	3
29	7	0	0.546160387	310.497303	308.14971	303.553984	310.497303	4.72881058	0	0	0	0	0	3
30	7	0	0.564993504	310.550828	308.408852	303.666166	310.550828	4.92663624	0	0	0	0	0	3
31	8	0	0.583826621	310.613429	308.666158	303.807436	310.613429	5.11889824	0	0	0	0	0	3
32	8	0	0.602659738	310.670441	308.920344	303.996705	310.670441	5.29817601	0	0	0	0	0	3
33	8	0	0.621492854	310.711683	309.169046	304.252869	310.711683	5.45677863	0	0	0	0	0	3
34	8	0	0.640325971	310.748637	309.40963	304.601618	310.748637	5.58619387	0	0	0	0	0	3
35	8	0	0.659159088	310.784701	309.638634	305.06075	310.784701	5.67771773	0	0	0	0	0	3
36	9	0	0.677992205	310.825103	309.852128	305.626318	310.825103	5.19878583	0	0	0	0	0	3
37	9	0	0.696825322	310.864346	310.046129	308.026749	310.864346	2.83759644	0	0	0	0	0	3
38	9	0	0.715658438	310.901017	310.152584	308.953158	310.901017	1.94785809	0	0	0	0	0	3
39	9	0	0.734491555	310.926923	310.225686	309.212728	310.926923	1.71419509	0	0	0	0	0	3
40	10	0	0.753324672	310.948656	310.28998	309.344396	310.948656	1.60426037	0	0	0	0	0	3
41	10	0	0.772157789	310.970139	310.350192	309.443779	310.970139	1.5263598	0	0	0	0	0	3
42	10	0	0.790990906	310.972209	310.406801	309.558579	310.972209	1.41362971	0	0	0	0	0	3
43	10	0	0.809824023	310.981059	310.459485	309.647723	310.981059	1.33333539	0	0	0	0	0	3
44	10	0	0.828657139	310.97414	310.508612	309.72259	310.981059	1.25846839	0	0	0	0	0	3
45	11	0	0.847490256	310.990746	310.55558	309.788698	310.990746	1.20204835	0	0	0	0	0	3
46	11	0	0.866323373	310.990017	310.600074	309.847712	310.990746	1.14303404	0	0	0	0	0	3
47	11	0	0.88515649	310.98938	310.642358	309.930385	310.990746	1.06036097	0	0	0	0	0	3
48	11	0	0.903989607	310.972986	310.680973	310.008284	310.990746	0.982462272	0	0	0	0	0	3
49	12	0	0.922822723	310.992193	310.717414	310.078648	310.992193	0.913545116	0	0	0	0	0	3
50	12	0	0.94165584	310.985711	310.751009	310.141248	310.992193	0.850944555	0	0	0	0	0	3
51	12	0	0.960488957	310.964505	310.7815	310.202006	310.992193	0.790187291	0	0	0	0	0	3
52	12	0	0.979322074	310.972528	310.810038	310.282072	310.992193	0.710120575	0	0	0	0	0	3
53	12	0	0.998155191	310.993333	310.83638	310.357346	310.993333	0.635986739	0	0	0	0	0	3
54	13	0	1.01698831	310.987816	310.859731	310.432914	310.993333	0.560419393	0.223180481	0	39.8	0	0	3
55	13	0	1.03582142	310.992619	310.880461	310.497303	310.993333	0.496029788	0.223180481	0	44.9	0	0	3
56	13	0	1.05465454	310.995089	310.898898	310.550828	310.995089	0.444260658	0.223206823	0	50.2	0	0	3
57	13	0	1.07348766	311.006355	310.915769	310.613429	311.006355	0.392926175	0.223180481	0	56.7	0	0	3
58	13	0	1.09232077	311.00809	310.930386	310.670441	311.00809	0.337649375	0.223180481	0	66	0	0	3
59	14	0	1.11115389	311.000258	310.942601	310.711683	311.00809	0.296406407	0.223180481	0	75.2	0	0	3
60	14	0	1.12998701	311.005006	310.953465	310.748637	311.00809	0.259453147	0.223180481	0	86	0	0	3
61	14	0	1.14882012	311.010587	310.963167	310.784701	311.010587	0.225885777	0.223180481	0	98.8	0	0	3
62	14	0	1.16765324	310.997561	310.971051	310.825103	311.010587	0.185483806	0.223180481	0	100	0	0	3
63	15	0	1.18648636	310.989771	310.97715	310.864346	311.010587	0.14624163	0.223180481	0	100	0	0	3
64	15	0	1.20531948	310.997997	310.9821	310.901017	311.010587	0.1095707	0.223180481	0	100	0	0	3
65	15	0	1.22415259	311.008179	310.986069	310.926923	311.010587	0.0836645056	0.223180481	0	100	0	0	3
66	15	0	1.24298571	311.009134	310.989113	310.948656	311.010587	0.0619307581	0.223180481	0	100	0	0	3
67	15	0	1.26181883	311.000884	310.991048	310.964505	311.010587	0.0460824606	0.223180481	0	100	0	0	3
68	16	0	1.28065194	311.001486	310.992209	310.964505	311.010587	0.0460824606	0.223180481	0	100	0	0	3
69	16	0	1.29948506	310.998762	310.993192	310.964505	311.010587	0.0460824606	0.223180481	0	100	0	0	3
70	16	0	1.31831818	311.015655	310.994474	310.964505	311.015655	0.0511501988	0.223180481	0	100	0	0	3
71	16	0	1.33715129	311.015021	310.995988	310.964505	311.015655	0.0511501988	0.223180481	0	100	0	0	3
72	16	0	1.35598441	311.01098	310.996737	310.964505	311.015655	0.0511501988	0.223180481	0	100	0	0	3
73	17	0	1.37481753	311.014343	310.997638	310.964505	311.015655	0.0511501988	0.223180481	0	100	0	0	3
74	17	0	1.39365064	311.009764	310.998393	310.964505	311.015655	0.0511501988	0.223180481	0	100	0	0	3
75	17	0	1.41248376	310.988675	310.998974	310.964505	311.015655	0.0511501988	0.223180481	0	100	0	0	3
76	17	0	1.43131688	311.004101	310.999415	310.964505	311.015655	0.0511501988	0.223180481	0	100	0	0	3
77	18	0	1.45014999	311.012917	311.000423	310.964505	311.015655	0.0511501988	0.223180481	0	100	0	0	3
78	18	0	1.46898311	311.011472	311.002162	310.972528	311.015655	0.0431266959	0.223180481	0	100	0	0	3
79	18	0	1.48781623	311.0233	311.004043	310.987816	311.0233	0.0354833611	0.223180481	0	100	0	0	3
80	18	0	1.50664934	311.030101	311.005404	310.987816	311.030101	0.0422849929	0.223180481	0	100	0	0	3
81	18	0	1.52548246	311.023674	311.006733	310.988675	311.030101	0.0414267078	0.223180481	0	100	0	0	3
82	19	0	1.54431558	311.008691	311.007328	310.988675	311.030101	0.0414267078	0.223180481	0	100	0	0	3
83	19	0	1.56314869	310.994652	311.007312	310.988675	311.030101	0.0414267078	0.223180481	0	100	0	0	3
84	19	0	1.58198181	311.004643	311.007248	310.988675	311.030101	0.0414267078	0.223180481	0	100	0	0	3
85	19	0	1.60081493	311.009961	311.007317	310.988675	311.030101	0.0414267078	0.223180481	0	100	0	0	3
86	20	0	1.61964805	311.000174	311.007314	310.988675	311.030101	0.0414267078	0.223180481	0	100	0	0	3
87	20	0	1.63848116	310.999796	311.007121	310.988675	311.030101	0.0414267078	0.223180481	0	100	0	0	3
88	20	0	1.65731428	311.007841	311.00702	310.988675	311.030101	0.0362769856	0.223180481	0	100	0	0	3
89	20	0	1.6761474	311.003358	311.007234	310.988675	311.030101	0.0301781823	0.223180481	0	100	0	0	3
90	20	0	1.69498051	311.019949	311.008352	310.988675	311.030101	0.0262524372	0.223180481	0	100	0	0	3
91	21	0	1.71381363	311.024769	311.009344	310.988675	311.030101	0.0232750144	0.223180481	0	100	0	0	3
92	21	0	1.73264675	311.038637	311.010472	310.988675	311.038637	0.0213582442	0.223180481	0	100	0	0	3
93	21	0	1.75147986	311.034563	311.011414	310.988675	311.038637	0.0203657139	0.223180481	0	100	0	0	3
94	21	0	1.77031298	311.046719	311.013111	310.988675	311.046719	0.0209023233	0.223180481	0	100	0	0	3
95	22	0	1.7891461	311.030938	311.014202	310.988675	311.046719	0.0210096799	0.223180481	0	100	0	0	3
