Iteration	CPUTime	PhysTime	Travels	Value	AvValue	MinValue	MaxValue	Delta	Criteria	PrevAvRefValue	Progress	CriteriaType	CriteriaVarType	CriteriaPercentage
1	1	0	0.0188331168	101321.318	101321.318	101321.318	101321.318	0	0	0	0	0	0	3
2	1	0	0.0376662336	101321.318	101321.318	101321.318	101321.318	1.40833436e-07	0	0	0	0	0	3
3	1	0	0.0564993504	101321.318	101321.318	101321.318	101321.318	1.97294867e-07	0	0	0	0	0	3
4	1	0	0.0753324672	101321.318	101321.318	101321.318	101321.318	2.25350959e-07	0	0	0	0	0	3
5	2	0	0.094165584	101321.318	101321.318	101321.318	101321.318	2.47586286e-07	0	0	0	0	0	3
6	2	0	0.112998701	101321.318	101321.318	101321.318	101321.318	2.64233677e-07	0	0	0	0	0	3
7	2	0	0.131831818	101321.318	101321.318	101321.318	101321.318	2.7770875e-07	0	0	0	0	0	3
8	2	0	0.150664934	101321.318	101321.318	101321.318	101321.318	3.0384399e-07	0	0	0	0	0	3
9	2	0	0.169498051	101321.318	101321.318	101321.318	101321.318	4.06362233e-07	0	0	0	0	0	3
10	3	0	0.188331168	101321.318	101321.318	101321.318	101321.318	8.7825174e-07	0	0	0	0	0	3
11	3	0	0.207164285	101321.318	101321.318	101321.318	101321.318	1.55487214e-06	0	0	0	0	0	3
12	3	0	0.225997402	101321.318	101321.318	101321.318	101321.318	2.67739233e-06	0	0	0	0	0	3
13	4	0	0.244830518	101321.318	101321.318	101321.318	101321.318	4.44060424e-06	0	0	0	0	0	3
14	4	0	0.263663635	101321.318	101321.318	101321.318	101321.318	6.84970291e-06	0	0	0	0	0	3
15	4	0	0.282496752	101321.318	101321.318	101321.318	101321.318	9.64404899e-06	0	0	0	0	0	3
16	4	0	0.301329869	101321.318	101321.318	101321.318	101321.318	1.25647348e-05	0	0	0	0	0	3
17	4	0	0.320162986	101321.318	101321.318	101321.318	101321.318	1.56379101e-05	0	0	0	0	0	3
18	5	0	0.338996102	101321.318	101321.318	101321.318	101321.318	1.88635895e-05	0	0	0	0	0	3
19	5	0	0.357829219	101321.318	101321.318	101321.318	101321.318	2.23663519e-05	0	0	0	0	0	3
20	5	0	0.376662336	101321.318	101321.318	101321.318	101321.318	2.62403046e-05	0	0	0	0	0	3
21	5	0	0.395495453	101321.318	101321.318	101321.318	101321.318	3.03296692e-05	0	0	0	0	0	3
22	6	0	0.41432857	101321.317	101321.318	101321.317	101321.318	3.45637673e-05	0	0	0	0	0	3
23	6	0	0.433161686	101321.317	101321.318	101321.317	101321.318	3.88286571e-05	0	0	0	0	0	3
24	6	0	0.451994803	101321.317	101321.318	101321.317	101321.318	4.30879154e-05	0	0	0	0	0	3
25	6	0	0.47082792	101321.317	101321.318	101321.317	101321.318	4.7205438e-05	0	0	0	0	0	3
26	7	0	0.489661037	101321.317	101321.318	101321.317	101321.318	5.09629463e-05	0	0	0	0	0	3
27	7	0	0.508494154	101321.317	101321.318	101321.317	101321.318	5.43226779e-05	0	0	0	0	0	3
28	7	0	0.52732727	101321.317	101321.318	101321.317	101321.318	5.93738951e-05	0	0	0	0	0	3
29	7	0	0.546160387	101321.317	101321.318	101321.317	101321.318	6.46004337e-05	0	0	0	0	0	3
30	7	0	0.564993504	101321.317	101321.318	101321.317	101321.318	7.00732053e-05	0	0	0	0	0	3
31	8	0	0.583826621	101321.317	101321.318	101321.317	101321.318	7.57786474e-05	0	0	0	0	0	3
32	8	0	0.602659738	101321.317	101321.318	101321.317	101321.318	8.18006811e-05	0	0	0	0	0	3
33	8	0	0.621492854	101321.317	101321.318	101321.317	101321.318	8.810281e-05	0	0	0	0	0	3
34	8	0	0.640325971	101321.317	101321.318	101321.317	101321.318	9.46409855e-05	0	0	0	0	0	3
35	8	0	0.659159088	101321.317	101321.318	101321.317	101321.318	0.000101252386	0	0	0	0	0	3
36	9	0	0.677992205	101321.317	101321.318	101321.317	101321.318	0.000107591652	0	0	0	0	0	3
37	9	0	0.696825322	101321.317	101321.318	101321.317	101321.318	0.000113712202	0	0	0	0	0	3
38	9	0	0.715658438	101321.317	101321.317	101321.317	101321.318	0.000119433767	0	0	0	0	0	3
39	9	0	0.734491555	101321.317	101321.317	101321.317	101321.318	0.000124385115	0	0	0	0	0	3
40	10	0	0.753324672	101321.317	101321.317	101321.317	101321.318	0.000128415544	0	0	0	0	0	3
41	10	0	0.772157789	101321.317	101321.317	101321.317	101321.318	0.000131673471	0	0	0	0	0	3
42	10	0	0.790990906	101321.317	101321.317	101321.317	101321.318	0.00013450133	0	0	0	0	0	3
43	10	0	0.809824023	101321.317	101321.317	101321.317	101321.318	0.000136943447	0	0	0	0	0	3
44	10	0	0.828657139	101321.317	101321.317	101321.317	101321.318	0.000132960544	0	0	0	0	0	3
45	11	0	0.847490256	101321.317	101321.317	101321.317	101321.318	0.000122152022	0	0	0	0	0	3
46	11	0	0.866323373	101321.317	101321.317	101321.317	101321.318	0.000108623935	0	0	0	0	0	3
47	11	0	0.88515649	101321.317	101321.317	101321.317	101321.318	9.77661402e-05	0	0	0	0	0	3
48	11	0	0.903989607	101321.317	101321.317	101321.317	101321.317	8.67148919e-05	0	0	0	0	0	3
49	12	0	0.922822723	101321.317	101321.317	101321.317	101321.317	7.94835069e-05	0	0	0	0	0	3
50	12	0	0.94165584	101321.317	101321.317	101321.317	101321.317	7.19537347e-05	0	0	0	0	0	3
51	12	0	0.960488957	101321.317	101321.317	101321.317	101321.317	7.23886187e-05	0	0	0	0	0	3
52	12	0	0.979322074	101321.317	101321.317	101321.317	101321.317	7.23886187e-05	0	0	0	0	0	3
53	12	0	0.998155191	101321.317	101321.317	101321.317	101321.317	7.27899751e-05	0	0	0	0	0	3
54	13	0	1.01698831	101321.317	101321.317	101321.317	101321.317	7.27899751e-05	0.00101321317	0	0	0	0	3
55	13	0	1.03582142	101321.317	101321.317	101321.317	101321.317	7.00526289e-05	0.00101321317	0	0	0	0	3
56	13	0	1.05465454	101321.317	101321.317	101321.317	101321.317	6.41429069e-05	0.00101321317	0	0	0	0	3
57	13	0	1.07348766	101321.317	101321.317	101321.317	101321.317	5.80189226e-05	0.00101321317	0	0	0	0	3
58	13	0	1.09232077	101321.317	101321.317	101321.317	101321.317	4.9594717e-05	0.00101321317	0	0	0	0	3
59	14	0	1.11115389	101321.317	101321.317	101321.317	101321.317	4.21072909e-05	0.00101321317	0	0	0	0	3
60	14	0	1.12998701	101321.317	101321.317	101321.317	101321.317	3.53804353e-05	0.00101321317	0	0	0	0	3
61	14	0	1.14882012	101321.317	101321.317	101321.317	101321.317	3.12136253e-05	0.00101321317	0	0	0	0	3
62	14	0	1.16765324	101321.317	101321.317	101321.317	101321.317	2.78478692e-05	0.00101321317	0	0	0	0	3
63	15	0	1.18648636	101321.317	101321.317	101321.317	101321.317	2.44456023e-05	0.00101321317	0	0	0	0	3
64	15	0	1.20531948	101321.317	101321.317	101321.317	101321.317	2.051513e-05	0.00101321317	0	0	0	0	3
65	15	0	1.22415259	101321.317	101321.317	101321.317	101321.317	1.73082226e-05	0.00101321317	0	0	0	0	3
66	15	0	1.24298571	101321.317	101321.317	101321.317	101321.317	1.41602795e-05	0.00101321317	0	0	0	0	3
67	15	0	1.26181883	101321.317	101321.317	101321.317	101321.317	1.20478799e-05	0.00101321317	0	0	0	0	3
68	16	0	1.28065194	101321.317	101321.317	101321.317	101321.317	9.86397208e-06	0.00101321317	0	0	0	0	3
69	16	0	1.29948506	101321.317	101321.317	101321.317	101321.317	8.66928895e-06	0.00101321317	0	0	0	0	3
70	16	0	1.31831818	101321.317	101321.317	101321.317	101321.317	7.5523858e-06	0.00101321317	0	0	0	0	3
71	16	0	1.33715129	101321.317	101321.317	101321.317	101321.317	6.81044185e-06	0.00101321317	0	0	0	0	3
72	16	0	1.35598441	101321.317	101321.317	101321.317	101321.317	7.50589243e-06	0.00101321317	0	0	0	0	3
73	17	0	1.37481753	101321.317	101321.317	101321.317	101321.317	6.90879824e-06	0.00101321317	0	0	0	0	3
74	17	0	1.39365064	101321.317	101321.317	101321.317	101321.317	8.68657662e-06	0.00101321317	0	0	0	0	3
75	17	0	1.41248376	101321.317	101321.317	101321.317	101321.317	7.35223875e-06	0.00101321317	0	0	0	0	3
76	17	0	1.43131688	101321.317	101321.317	101321.317	101321.317	7.35223875e-06	0.00101321317	0	0	0	0	3
77	18	0	1.45014999	101321.317	101321.317	101321.317	101321.317	7.35223875e-06	0.00101321317	0	0	0	0	3
78	18	0	1.46898311	101321.317	101321.317	101321.317	101321.317	7.35223875e-06	0.00101321317	0	0	0	0	3
79	18	0	1.48781623	101321.317	101321.317	101321.317	101321.317	7.35223875e-06	0.00101321317	0	0	0	0	3
80	18	0	1.50664934	101321.317	101321.317	101321.317	101321.317	7.35223875e-06	0.00101321317	0	0	0	0	3
81	18	0	1.52548246	101321.317	101321.317	101321.317	101321.317	7.35223875e-06	0.00101321317	0	0	0	0	3
82	19	0	1.54431558	101321.317	101321.317	101321.317	101321.317	7.35223875e-06	0.00101321317	0	0	0	0	3
83	19	0	1.56314869	101321.317	101321.317	101321.317	101321.317	6.8024674e-06	0.00101321317	0	0	0	0	3
84	19	0	1.58198181	101321.317	101321.317	101321.317	101321.317	6.8024674e-06	0.00101321317	0	0	0	0	3
85	19	0	1.60081493	101321.317	101321.317	101321.317	101321.317	6.8024674e-06	0.00101321317	0	0	0	0	3
86	20	0	1.61964805	101321.317	101321.317	101321.317	101321.317	6.98784424e-06	0.00101321317	0	0	0	0	3
87	20	0	1.63848116	101321.317	101321.317	101321.317	101321.317	7.27060251e-06	0.00101321317	0	0	0	0	3
88	20	0	1.65731428	101321.317	101321.317	101321.317	101321.317	8.03703733e-06	0.00101321317	0	0	0	0	3
89	20	0	1.6761474	101321.317	101321.317	101321.317	101321.317	8.26387259e-06	0.00101321317	0	0	0	0	3
90	20	0	1.69498051	101321.317	101321.317	101321.317	101321.317	7.57230737e-06	0.00101321317	0	0	0	0	3
91	21	0	1.71381363	101321.317	101321.317	101321.317	101321.317	7.08116568e-06	0.00101321317	0	0	0	0	3
92	21	0	1.73264675	101321.317	101321.317	101321.317	101321.317	6.65137486e-06	0.00101321317	0	0	0	0	3
93	21	0	1.75147986	101321.317	101321.317	101321.317	101321.317	6.3496409e-06	0.00101321317	0	0	0	0	3
94	21	0	1.77031298	101321.317	101321.317	101321.317	101321.317	6.08310802e-06	0.00101321317	0	0	0	0	3
95	22	0	1.7891461	101321.317	101321.317	101321.317	101321.317	5.91034768e-06	0.00101321317	0	0	0	0	3
