Iteration	CPUTime	PhysTime	Travels	Value	AvValue	MinValue	MaxValue	Delta	Criteria	PrevAvRefValue	Progress	CriteriaType	CriteriaVarType	CriteriaPercentage
1	1	0	0.0188331168	6.5287426	6.5287426	6.5287426	6.5287426	0	0	0	0	0	0	3
2	1	0	0.0376662336	10.0242997	8.27652113	6.5287426	10.0242997	1.74777852	0	0	0	0	0	3
3	1	0	0.0564993504	10.1211733	8.89140517	6.5287426	10.1211733	2.36266257	0	0	0	0	0	3
4	1	0	0.0753324672	10.5635856	9.30945029	6.5287426	10.5635856	2.78070769	0	0	0	0	0	3
5	2	0	0.094165584	11.1208571	9.67173164	6.5287426	11.1208571	3.14298904	0	0	0	0	0	3
6	2	0	0.112998701	11.47191	9.97176136	6.5287426	11.47191	3.44301876	0	0	0	0	0	3
7	2	0	0.131831818	10.7812644	10.0874046	6.5287426	11.47191	3.55866205	0	0	0	0	0	3
8	2	0	0.150664934	7.27013928	9.73524648	6.5287426	11.47191	3.55866205	0	0	0	0	0	3
9	2	0	0.169498051	5.35790678	9.2488754	5.35790678	11.47191	3.55866205	0	0	0	0	0	3
10	3	0	0.188331168	5.69588554	8.89357641	5.35790678	11.47191	3.55866205	0	0	0	0	0	3
11	3	0	0.207164285	11.1482932	9.09855067	5.35790678	11.47191	3.55866205	0	0	0	0	0	3
12	3	0	0.225997402	11.594502	9.30654661	5.35790678	11.594502	3.55866205	0	0	0	0	0	3
13	4	0	0.244830518	11.23884	9.45518457	5.35790678	11.594502	3.55866205	0	0	0	0	0	3
14	4	0	0.263663635	10.9534612	9.56220432	5.35790678	11.594502	3.55866205	0	0	0	0	0	3
15	4	0	0.282496752	10.7368859	9.64051643	5.35790678	11.594502	3.55866205	0	0	0	0	0	3
16	4	0	0.301329869	10.5208327	9.6955362	5.35790678	11.594502	3.55866205	0	0	0	0	0	3
17	4	0	0.320162986	10.3803341	9.73581843	5.35790678	11.594502	3.55866205	0	0	0	0	0	3
18	5	0	0.338996102	10.274224	9.76572985	5.35790678	11.594502	3.55866205	0	0	0	0	0	3
19	5	0	0.357829219	10.1764972	9.78734918	5.35790678	11.594502	3.55866205	0	0	0	0	0	3
20	5	0	0.376662336	10.0643086	9.80119716	5.35790678	11.594502	3.55866205	0	0	0	0	0	3
21	5	0	0.395495453	9.92796429	9.80723369	5.35790678	11.594502	3.55866205	0	0	0	0	0	3
22	6	0	0.41432857	9.79825107	9.80682539	5.35790678	11.594502	3.55866205	0	0	0	0	0	3
23	6	0	0.433161686	9.67636422	9.80115316	5.35790678	11.594502	3.55866205	0	0	0	0	0	3
24	6	0	0.451994803	9.57019027	9.79152971	5.35790678	11.594502	3.55866205	0	0	0	0	0	3
25	6	0	0.47082792	9.48597868	9.77930767	5.35790678	11.594502	3.55866205	0	0	0	0	0	3
26	7	0	0.489661037	9.37350107	9.76369972	5.35790678	11.594502	3.55866205	0	0	0	0	0	3
27	7	0	0.508494154	9.29121342	9.74620023	5.35790678	11.594502	3.55866205	0	0	0	0	0	3
28	7	0	0.52732727	9.23377644	9.84638667	5.35790678	11.594502	1.81088352	0	0	0	0	0	3
29	7	0	0.546160387	9.15781444	9.81429462	5.35790678	11.594502	1.19599947	0	0	0	0	0	3
30	7	0	0.564993504	9.0964385	9.77634148	5.35790678	11.594502	1.19382823	0	0	0	0	0	3
31	8	0	0.583826621	9.00674295	9.71868064	5.35790678	11.594502	1.19382823	0	0	0	0	0	3
32	8	0	0.602659738	8.93106482	9.63757723	5.35790678	11.594502	1.19382823	0	0	0	0	0	3
33	8	0	0.621492854	8.84416872	9.54025348	5.35790678	11.594502	1.19382823	0	0	0	0	0	3
34	8	0	0.640325971	8.78181484	9.46619979	5.35790678	11.594502	0.952810253	0	0	0	0	0	3
35	8	0	0.659159088	8.7055101	9.51936167	5.35790678	11.594502	0.952810253	0	0	0	0	0	3
36	9	0	0.677992205	8.64827472	9.64122715	5.69588554	11.594502	0.952810253	0	0	0	0	0	3
37	9	0	0.696825322	8.5999198	9.74878398	8.5999198	11.594502	0.747835997	0	0	0	0	0	3
38	9	0	0.715658438	8.55190148	9.65262132	8.55190148	11.594502	0.539840055	0	0	0	0	0	3
39	9	0	0.734491555	8.50034617	9.53802296	8.50034617	11.23884	0.391202101	0	0	0	0	0	3
40	10	0	0.753324672	8.47120797	9.43551806	8.47120797	10.9534612	0.410868602	0	0	0	0	0	3
41	10	0	0.772157789	8.43512933	9.34224652	8.43512933	10.7368859	0.504140151	0	0	0	0	0	3
42	10	0	0.790990906	8.42308711	9.25655026	8.42308711	10.5208327	0.589836403	0	0	0	0	0	3
43	10	0	0.809824023	8.4117168	9.17843486	8.4117168	10.3803341	0.667951807	0	0	0	0	0	3
44	10	0	0.828657139	8.38959809	9.1047039	8.38959809	10.274224	0.74168277	0	0	0	0	0	3
45	11	0	0.847490256	8.37374656	9.03431584	8.37374656	10.1764972	0.812070825	0	0	0	0	0	3
46	11	0	0.866323373	8.3704397	8.96742482	8.3704397	10.0643086	0.878961844	0	0	0	0	0	3
47	11	0	0.88515649	8.32072654	8.90284771	8.32072654	9.92796429	0.943538959	0	0	0	0	0	3
48	11	0	0.903989607	8.40406724	8.84640708	8.32072654	9.79825107	0.99997959	0	0	0	0	0	3
49	12	0	0.922822723	8.3066686	8.79116328	8.3066686	9.67636422	1.05522339	0	0	0	0	0	3
50	12	0	0.94165584	8.36293746	8.74251785	8.3066686	9.57019027	1.10386882	0	0	0	0	0	3
51	12	0	0.960488957	8.34227718	8.69703958	8.3066686	9.48597868	1.14934708	0	0	0	0	0	3
52	12	0	0.979322074	8.38345535	8.65620539	8.3066686	9.37350107	1.06683247	0	0	0	0	0	3
53	12	0	0.998155191	8.33493782	8.61774008	8.3066686	9.29121342	0.984544814	0	0	0	0	0	3
54	13	0	1.01698831	8.31891724	8.58172911	8.3066686	9.23377644	0.927107836	0.187097856	0	0	0	0	3
55	13	0	1.03582142	8.32184205	8.54795376	8.3066686	9.15781444	0.85114584	0.187097856	0	0	0	0	3
56	13	0	1.05465454	8.33579907	8.51750875	8.3066686	9.0964385	0.789769894	0.187097856	0	0	0	0	3
57	13	0	1.07348766	8.30669188	8.48825887	8.3066686	9.00674295	0.700074345	0.187097856	0	0	0	0	3
58	13	0	1.09232077	8.33522329	8.46338777	8.3066686	8.93106482	0.624396211	0.187097856	0	0	0	0	3
59	14	0	1.11115389	8.3259523	8.4409762	8.3066686	8.84416872	0.537500115	0.187097856	0	0	0	0	3
60	14	0	1.12998701	8.36807059	8.42334294	8.3066686	8.78181484	0.475146239	0.187097856	0	0	0	0	3
61	14	0	1.14882012	8.29106356	8.40516696	8.29106356	8.7055101	0.414446534	0.187097856	0	0	0	0	3
62	14	0	1.16765324	8.32813679	8.39119017	8.29106356	8.64827472	0.357211157	0.187097856	0	0	0	0	3
63	15	0	1.18648636	8.31397912	8.37880886	8.29106356	8.5999198	0.308856236	0.187097856	0	0	0	0	3
64	15	0	1.20531948	8.33903855	8.36914659	8.29106356	8.55190148	0.260837921	0.187097856	0	0	0	0	3
65	15	0	1.22415259	8.29977523	8.35980858	8.29106356	8.50034617	0.209282609	0.187097856	0	0	0	0	3
66	15	0	1.24298571	8.33731945	8.35377055	8.29106356	8.47120797	0.180144406	0.187097856	0	0	0	0	3
67	15	0	1.26181883	8.32059028	8.34819212	8.29106356	8.43512933	0.144065773	0.187097856	0	0	0	0	3
68	16	0	1.28065194	8.34648597	8.34490903	8.29106356	8.42308711	0.132023549	0.187097856	0	0	0	0	3
69	16	0	1.29948506	8.32245191	8.3411818	8.29106356	8.4117168	0.120653243	0.187097856	0	0	0	0	3
70	16	0	1.31831818	8.33689198	8.33841051	8.29106356	8.40406724	0.113003679	0.187097856	0	0	0	0	3
71	16	0	1.33715129	8.28800324	8.33464774	8.28800324	8.40406724	0.116064001	0.187097856	0	0	0	0	3
72	16	0	1.35598441	8.35324697	8.3338885	8.28800324	8.40406724	0.116064001	0.187097856	0	0	0	0	3
73	17	0	1.37481753	8.29897238	8.33124156	8.28800324	8.40406724	0.116064001	0.187097856	0	0	0	0	3
74	17	0	1.39365064	8.31054278	8.33086438	8.28800324	8.40406724	0.116064001	0.187097856	0	0	0	0	3
75	17	0	1.41248376	8.32005044	8.32775265	8.28800324	8.38345535	0.0954521125	0.187097856	0	0	0	0	3
76	17	0	1.43131688	8.31936907	8.32822304	8.28800324	8.38345535	0.0954521125	0.187097856	0	0	0	0	3
77	18	0	1.45014999	8.29949248	8.32587322	8.28800324	8.38345535	0.0954521125	0.187097856	0	0	0	0	3
78	18	0	1.46898311	8.31561956	8.3248859	8.28800324	8.38345535	0.0954521125	0.187097856	0	0	0	0	3
79	18	0	1.48781623	8.3386349	8.32322589	8.28800324	8.36807059	0.0800673531	0.187097856	0	0	0	0	3
80	18	0	1.50664934	8.28076704	8.32121956	8.28076704	8.36807059	0.0873035561	0.187097856	0	0	0	0	3
81	18	0	1.52548246	8.32515614	8.32145063	8.28076704	8.36807059	0.0873035561	0.187097856	0	0	0	0	3
82	19	0	1.54431558	8.30148676	8.32069673	8.28076704	8.36807059	0.0873035561	0.187097856	0	0	0	0	3
83	19	0	1.56314869	8.36063748	8.32161667	8.28076704	8.36807059	0.0873035561	0.187097856	0	0	0	0	3
84	19	0	1.58198181	8.31206887	8.32181582	8.28076704	8.36807059	0.0873035561	0.187097856	0	0	0	0	3
85	19	0	1.60081493	8.33533696	8.32182003	8.28076704	8.36807059	0.0873035561	0.187097856	0	0	0	0	3
86	20	0	1.61964805	8.29756563	8.32076867	8.28076704	8.36807059	0.0873035561	0.187097856	0	0	0	0	3
87	20	0	1.63848116	8.33926632	8.31970185	8.28076704	8.36063748	0.079870446	0.187097856	0	0	0	0	3
88	20	0	1.65731428	8.3229784	8.32088388	8.28076704	8.36063748	0.0714883269	0.187097856	0	0	0	0	3
89	20	0	1.6761474	8.33047091	8.32097033	8.28076704	8.36063748	0.0591070085	0.187097856	0	0	0	0	3
90	20	0	1.69498051	8.32745297	8.32146936	8.28076704	8.36063748	0.04944474	0.187097856	0	0	0	0	3
91	21	0	1.71381363	8.30896332	8.32035546	8.28076704	8.36063748	0.0401067307	0.187097856	0	0	0	0	3
92	21	0	1.73264675	8.2999875	8.32036332	8.28076704	8.36063748	0.0340687039	0.187097856	0	0	0	0	3
93	21	0	1.75147986	8.30877777	8.31930622	8.28076704	8.36063748	0.028885895	0.187097856	0	0	0	0	3
94	21	0	1.77031298	8.27087845	8.31746504	8.27087845	8.36063748	0.0274439865	0.187097856	0	0	0	0	3
95	22	0	1.7891461	8.31027351	8.31612384	8.27087845	8.36063748	0.0250579587	0.187097856	0	0	0	0	3
