  -59.76			-6.754e-006
   122.9			-5.904e-006
   305.7			-5.062e-006
   465.1			-4.204e-006
   588.1			-3.346e-006
     608			-2.486e-006
   730.9			-1.629e-006
   870.4			-7.707e-007
    1136		 	9.5e-008
    1236		 	9.62e-007
    1522		 	1.828e-006
    1764		 	2.686e-006
    2070		 	3.551e-006
    2292		 	4.411e-006
    2595		 	5.269e-006
    2880		 	6.126e-006
    3143		 	6.977e-006
    3306		 	7.827e-006
    3508		 	8.669e-006
    3691		 	9.511e-006
    3834		 	1.035e-005
    4017		 	1.117e-005
    4176		 	1.2e-005
    4279		 	1.282e-005
    4422		 	1.363e-005
    4645		 	1.443e-005
    4784		 	1.522e-005
    4887		 	1.601e-005
    5070		 	1.679e-005
    5332		 	1.735e-005
    5618		 	1.811e-005
    5920		 	1.886e-005
    6166		 	1.959e-005
    6469		 	2.033e-005
    6834		 	2.104e-005
    7219		 	2.174e-005
    7565		 	2.242e-005
    8030		 	2.311e-005
    8273		 	2.377e-005
    8741		 	2.442e-005
    9126		 	2.504e-005
    9552		 	2.566e-005
	1.01e+004 	 	2.626e-005
	1.079e+004 		2.684e-005
	1.158e+004 		2.74e-005
	1.245e+004 		2.795e-005
	1.34e+004 		2.848e-005
	1.452e+004 		2.899e-005
	1.575e+004 		2.948e-005
	1.726e+004 		2.995e-005
	1.898e+004 		3.039e-005
	2.093e+004 		3.082e-005
	2.344e+004 		3.123e-005
	2.709e+004 		3.16e-005
	3.046e+004 		3.196e-005
	3.429e+004 		3.228e-005
	3.869e+004 		3.258e-005
	4.344e+004 		3.286e-005
	4.836e+004 		3.31e-005
	5.355e+004 		3.332e-005
	5.882e+004 		3.352e-005
	6.391e+004 		3.369e-005
	6.892e+004 		3.384e-005
	7.383e+004 		3.397e-005
	7.813e+004 		3.407e-005
	8.204e+004 		3.417e-005
	8.515e+004 		3.423e-005
	8.761e+004 		3.428e-005
	8.929e+004 		3.432e-005
	8.992e+004 		3.433e-005
	9e+004 			3.434e-005
	8.905e+004 		3.433e-005
	8.738e+004 		3.43e-005
	8.491e+004 		3.427e-005
	8.204e+004 		3.421e-005
	7.864e+004 		3.414e-005
	7.479e+004 		3.406e-005
	7.067e+004 		3.396e-005
	6.637e+004 		3.385e-005
	6.175e+004 		3.372e-005
	5.694e+004 		3.358e-005
	5.209e+004 		3.342e-005
	4.749e+004 		3.324e-005
	4.317e+004 		3.305e-005
	3.893e+004 		3.283e-005
	3.502e+004 		3.259e-005
	3.157e+004 		3.235e-005
	2.849e+004 		3.207e-005
	2.563e+004 		3.177e-005
	2.3e+004 		3.147e-005
	2.072e+004 		3.114e-005
	1.872e+004 		3.078e-005
	1.693e+004 		3.042e-005
	1.525e+004 		3.002e-005
	1.377e+004 		2.961e-005
	1.263e+004 		2.918e-005
	1.156e+004 		2.874e-005
	1.062e+004 		2.827e-005
    9834 			2.779e-005
    9246 			2.729e-005
    8658 			2.678e-005
    8133 			2.624e-005
    7665 			2.57e-005
    7339 			2.512e-005
    6997 			2.454e-005
    6572 			2.394e-005
    6206 			2.333e-005
    5861 			2.269e-005
    5455 			2.205e-005
    4907 			2.139e-005
    4605 			2.071e-005
    4279 			2.003e-005
    3934 			1.933e-005
    3608 			1.863e-005
    3326 			1.79e-005
    3000 			1.717e-005
    2678 			1.642e-005
    2352 			1.567e-005
    2027 			1.491e-005
    1764 			1.413e-005
    1502 			1.334e-005
    1319 			1.255e-005
    1116 			1.174e-005
   933.6 			1.093e-005
   790.7 			1.012e-005
   627.9 			9.296e-006
     485 			8.462e-006
   242.6 			7.636e-006
   79.74 			6.794e-006
  -122.9 			5.96e-006
  -325.6 			5.11e-006
  -548.2 			4.258e-006
  -730.9 			3.4e-006
  -913.6 			2.543e-006
   -1116 			1.685e-006
   -1279 			8.267e-007
   -1561			-3.12e-008
   -1824			-8.983e-007
   -2130			-1.756e-006
   -2432			-2.614e-006
   -2698			-3.48e-006
   -2940			-4.339e-006
   -3143			-5.197e-006
   -3326			-6.055e-006
   -3385			-6.905e-006
   -3548			-7.747e-006
   -3651			-8.589e-006
   -3691			-9.432e-006
   -3691			-1.027e-005
   -3834			-1.109e-005
   -3894			-1.192e-005
   -3973			-1.274e-005
   -4176			-1.355e-005
   -4399			-1.435e-005
   -4684			-1.514e-005
   -4947			-1.593e-005
   -5332			-1.671e-005
   -5638			-1.748e-005
   -5900			-1.824e-005
   -6266			-1.9e-005
   -6508			-1.973e-005
   -6671			-2.046e-005
   -7057			-2.118e-005
   -7422			-2.187e-005
   -7847			-2.257e-005
   -8253			-2.324e-005
   -8678			-2.39e-005
   -9126			-2.454e-005
   -9552			-2.517e-005
   -9997			-2.578e-005
   -1.053e+004		-2.639e-005
   -1.113e+004		-2.697e-005
   -1.196e+004		-2.753e-005
   -1.3e+004		-2.807e-005
   -1.407e+004		-2.861e-005
   -1.511e+004		-2.912e-005
   -1.637e+004		-2.961e-005
   -1.795e+004		-3.008e-005
   -1.973e+004		-3.053e-005
   -2.196e+004		-3.096e-005
   -2.45e+004		-3.136e-005
   -2.762e+004		-3.173e-005
   -3.113e+004		-3.209e-005
   -3.516e+004		-3.243e-005
   -3.96e+004		-3.272e-005
   -4.431e+004		-3.3e-005
   -4.946e+004		-3.324e-005
   -5.483e+004		-3.346e-005
   -6.016e+004		-3.364e-005
   -6.538e+004		-3.381e-005
   -7.034e+004		-3.396e-005
   -7.481e+004		-3.408e-005
   -7.872e+004		-3.418e-005
   -8.236e+004		-3.426e-005
   -8.523e+004		-3.433e-005
   -8.73e+004		-3.438e-005
   -8.857e+004		-3.44e-005
   -8.905e+004		-3.442e-005
   -8.873e+004		-3.441e-005
   -8.761e+004		-3.44e-005
   -8.57e+004		-3.437e-005
   -8.316e+004		-3.432e-005
   -8.005e+004		-3.425e-005
   -7.663e+004		-3.417e-005
   -7.31e+004		-3.409e-005
   -6.876e+004		-3.398e-005
   -6.45e+004		-3.387e-005
   -5.992e+004		-3.373e-005
   -5.536e+004		-3.359e-005
   -5.075e+004		-3.342e-005
   -4.631e+004		-3.324e-005
   -4.216e+004		-3.305e-005
   -3.8e+004		-3.283e-005
   -3.415e+004		-3.259e-005
   -3.062e+004		-3.234e-005
   -2.732e+004		-3.206e-005
   -2.442e+004		-3.177e-005
   -2.2e+004		-3.145e-005
   -1.993e+004		-3.111e-005
   -1.809e+004		-3.076e-005
   -1.651e+004		-3.038e-005
   -1.507e+004 		-3e-005
   -1.377e+004		-2.958e-005
   -1.261e+004		-2.916e-005
   -1.164e+004		-2.871e-005
   -1.075e+004		-2.825e-005
   -1.006e+004		-2.776e-005
   -9369			-2.726e-005
   -8821			-2.674e-005
   -8336			-2.62e-005
   -7990			-2.565e-005
   -7625			-2.508e-005
   -7259			-2.449e-005
   -6874			-2.389e-005
   -6429			-2.328e-005
   -6003			-2.265e-005
   -5415			-2.201e-005
   -4967			-2.135e-005
   -4581			-2.067e-005
   -4116			-1.999e-005
   -3731			-1.929e-005
   -3365			-1.858e-005
   -3286			-1.786e-005
   -2900			-1.713e-005
   -2738			-1.638e-005
   -2575			-1.563e-005
   -2372			-1.487e-005
   -2229			-1.409e-005
   -2007			-1.331e-005
   -1764			-1.251e-005
   -1581			-1.17e-005
   -1359			-1.089e-005
   -1196			-1.008e-005
   -1033			-9.257e-006
  -850.5			-8.423e-006
  -667.8			-7.596e-006
  -59.76			-6.754e-006
